29 0 4096 2 1 1 0 2 12 6656 4096 1 1 0 0 0 0 0 6656 2 1 1 0 0 0 0 -
29 0 4096 3 1 1 0 2 12 6656 4096 1 1 0 0 0 0 0 6656 3 1 1 0 0 0 0 -
29 0 4096 4 1 1 0 2 12 6656 4096 1 1 0 0 0 0 0 6656 4 1 1 0 0 0 0 -
29 0 4096 5 1 1 0 2 12 6656 4096 1 1 0 0 0 0 0 6656 5 1 1 0 0 0 0 -
29 0 4096 6 1 1 0 2 12 6656 4096 1 1 0 0 0 0 0 6656 6 1 1 0 0 0 0 -
29 0 4096 7 1 1 0 2 12 6656 4096 1 1 0 0 0 0 0 6656 7 1 1 0 0 0 0 -
29 0 4096 8 1 1 0 2 12 6656 4096 1 1 0 0 0 0 0 6656 8 1 1 0 0 0 0 -
29 0 256 2 1 1 0 2 12 6656 256 1 1 0 0 0 0 0 6656 2 1 1 0 0 0 0 -
29 0 256 3 1 1 0 2 12 6656 256 1 1 0 0 0 0 0 6656 3 1 1 0 0 0 0 -
29 0 256 4 1 1 0 2 12 6656 256 1 1 0 0 0 0 0 6656 4 1 1 0 0 0 0 -
29 0 256 5 1 1 0 2 12 6656 256 1 1 0 0 0 0 0 6656 5 1 1 0 0 0 0 -
29 0 256 6 1 1 0 2 12 6656 256 1 1 0 0 0 0 0 6656 6 1 1 0 0 0 0 -
29 0 256 7 1 1 0 2 12 6656 256 1 1 0 0 0 0 0 6656 7 1 1 0 0 0 0 -
29 0 256 8 1 1 0 2 12 6656 256 1 1 0 0 0 0 0 6656 8 1 1 0 0 0 0 -
29 0 19968 2 1 1 0 2 12 6656 19968 1 1 0 0 0 0 0 6656 2 1 1 0 0 0 0 -
29 0 19968 3 1 1 0 2 12 6656 19968 1 1 0 0 0 0 0 6656 3 1 1 0 0 0 0 -
29 0 19968 4 1 1 0 2 12 6656 19968 1 1 0 0 0 0 0 6656 4 1 1 0 0 0 0 -
29 0 19968 5 1 1 0 2 12 6656 19968 1 1 0 0 0 0 0 6656 5 1 1 0 0 0 0 -
29 0 19968 6 1 1 0 2 12 6656 19968 1 1 0 0 0 0 0 6656 6 1 1 0 0 0 0 -
29 0 19968 7 1 1 0 2 12 6656 19968 1 1 0 0 0 0 0 6656 7 1 1 0 0 0 0 -
29 0 19968 8 1 1 0 2 12 6656 19968 1 1 0 0 0 0 0 6656 8 1 1 0 0 0 0 -
